11516205
11520301
11523201
11525001
11530201
11530202
11530203
11530204
11530205
11530206
11531401
11531601
11531801
11531901
11533701
11533702
11533703
11533704
11533801
11533802
11533901
11534001
11534101
11534301
11534302
11534303
11534304
11534305
11534306
11534901
11534902
11534903
11534904
11535501
11536101
11536102
11536103
11536104
11536105
11536501
11536601
11536602
11545201
11548501
115496
11551601
11551602
11551603
11552701
11552801
11553001
11553101
11553201
11553301
11553401
11553501
11553901
11554001
11554101
11554201
11554301
11554401
11554601
11554701
11554801
11554802
11554901
11555401


















